1163
1174
1178
1172
1179
1179
1180
1183
1189
1190
1192
1196
1204
1202
1200
1196
1195
1194
1187
1186
1183
1185
1182
1179
1182
1181
1180
1180
1176
1177
1178
1181
1181
1189
1180
1187
1186
1182
1189
1184
1192
1184
1188
1192
1183
1183
1186
1184
1181
1190
1186
1183
1185
1192
1190
1190
1187
1196
1200
1184
1192
1189
1190
1187
1185
1193
1190
1186
1189
1179
1179
1175
1180
1173
1179
1182
1173
1179
1178
1183
1177
1171
1179
1180
1181
1180
1183
1188
1189
1194
1195
1199
1203
1200
1199
1204
1197
1190
1191
1192
1206
1197
1199
1207
1209
1210
1210
1213
1214
1193
1203
1204
1193
1208
1200
1200
1196
1190
1184
1185
1187
1175
1181
1181
1171
1180
1184
1181
1190
1180
1189
1196
1190
1200
1189
1200
1196
1193
1197
1189
1197
1192
1189
1188
1192
1190
1195
1189
1191
1200
1190
1191
1200
1203
1202
1207
1204
1217
1214
1213
1212
1212
1207
1211
1215
1214
1205
1210
1207
1214
1205
1206
1207
1214
1206
1214
1214
1215
1219
1221
1223
1232
1232
1244
1259
1269
1269
1288
1263
1296
1287
1296
1298
1276
1283
1281
1284
1273
1263
1268
1263
1263
1263
1260
1250
1267
1263
1255
1249
1234
1232
1234
1228
1221
1228
1219
1216
1210
1207
1209
1206
1215
1211
1207
1208
1211
1211
1204
1207
1201
1207
1208
1203
1214
1206
1204
1206
1203
1202
1196
1204
1190
1195
1191
1191
1194
1186
1183
1181
1177
1182
1169
1183
1184
1195
1191
1199
1196
1200
1196
1202
1213
1218
1192
1202
1195
1195
1209
1204
1203
1214
1217
1213
1218
1224
1225
1226
1223
1217
1230
1229
1232
1236
1235
1235
1230
1234
1234
1233
1239
1238
1233
1250
1258
1259
1275
1274
1277
1274
1306
1272
1301
1295
1306
1287
1315
1268
1275
1253
1255
1241
1237
1225
1230
1234
1228
1226
1232
1228
1224
1237
1225
1235
1229
1231
1231
1231
1231
1231
1231
1231
1231
1231
1231
1231
1231
1231
1231
1231
1231
1231
1231
1231
1231
1231
1231
1231
1231
1231
1231
1231
1231
1231
1231
1231
1231
1231
1231
1231
1231
1231
1231
1231
1231
1231
1231
1231
1231
1231
1231
1231
1231
1231
1192
1195
1189
1192
1194
1205
1205
1206
1210
1218
1217
1214
1219
1221
1221
1223
1217
1221
1228
1223
1232
1220
1220
1221
1225
1224
1230
1229
1228
1216
1207
1205
1189
1187
1167
1165
1161
1152
1161
1164
1164
1180
1172
1184
1192
1170
1162
1162
1168
1164
1168
1166
1159
1159
1170
1167
1171
1179
1166
1169
1167
1166
1168
1165
1168
1155
1157
1161
1169
1168
1164
1165
1168
1163
1168
1169
1179
1168
1164
1158
1154
1163
1160
1160
1159
1159
1158
1155
1153
1162
1156
1162
1158
1163
1167
1168
1164
1159
1166
1167
1163
1164
1158
1167
1168
1166
1172
1170
1183
1172
1181
1180
1168
1175
1178
1181
1180
1186
1180
1182
1180
1199
1205
1221
1230
1225
1235
1224
1232
1220
1226
1227
1222
1218
1222
1226
1218
1223
1225
1227
1234
1246
1243
1246
1244
1257
1261
1255
1258
1258
1263
1260
1260
1267
1269
1279
1264
1276
1277
1283
1277
1285
1270
1267
1274
1264
1268
1269
1276
1269
1259
1263
1280
1252
1249
1244
1244
1245
1236
1232
1238
1239
1233
1235
1228
1227
1237
1233
1229
1233
1236
1233
1236
1235
1234
1230
1233
1234
1244
1241
1232
1237
1241
1235
1238
1244
1237
1239
1240
1240
1236
1235
1240
1231
1236
1233
1230
1231
1230
1225
1232
1225
1224
1224
1221
1214
1207
1212
1209
1207
1206
1212
1207
1209
1219
1211
1218
1215
1214
1215
1224
1216
1225
1231
1239
1237
1237
1234
1235
1240
1244
1256
1249
1260
1263
1265
1256
1278
1270
1277
1274
1279
1266
1258
1255
1254
1256
1245
1245
1239
1226
1229
1218
1218
1214
1218
1215
1217
1213
1207
1202
1212
1213
1210
1222
1223
1224
1221
1219
1212
1214
1223
1218
1215
1213
1212
1214
1207
1209
1225
1217
1226
1223
1225
1225
1221
1225
1227
1224
1219
1212
1214
1209
1204
1215
1203
1207
1207
1205
1204
1189
1188
1179
1174
1168
1157
1157
1156
1166
1163
1165
1170
1178
1179
1170
1185
1179
1186
1183
1189
1192
1193
1189
1184
1190
1192
1202
1201
1207
1209
1205
1219
1215
1216
1212
1221
1238
1235
1231
1242
1241
1240
1250
1243
1250
1241
1244
1237
1238
1235
1227
1220
1225
1221
1223
1217
1227
1227
1240
1233
1246
1262
1256
1265
1275
1283
1291
1277
1262
1273
1255
1247
1250
1259
1248
1241
1240
1244
1245
1244
1242
1240
1247
1247
1242
1237
1237
1237
1231
1229
1233
1229
1224
1231
1218
1224
1222
1226
1223
1211
1215
1218
1215
1207
1220
1214
1209
1215
1204
1211
1209
1207
1212
1205
1204
1211
1210
1211
1209
1209
1203
1208
1208
1200
1205
1208
1205
1209
1204
1196
1192
1196
1195
1192
1192
1190
1207
1210
1232
1230
1225
1227
1224
1223
1223
1220
1216
1217
1213
1208
1206
1211
1217
1210
1212
1221
1222
1224
1230
1234
1245
1244
1244
1245
1246
1245
1236
1237
1240
1245
1241
1250
1256
1253
1249
1253
1255
1252
1249
1247
1246
1248
1256
1232
1243
1244
1231
1241
1230
1234
1236
1229
1230
1222
1215
1220
1217
1219
1221
1214
1215
1214
1211
1216
1217
1225
1231
1224
1235
1231
1238
1251
1252
1258
1252
1249
1251
1255
1267
1269
1273
1287
1268
1268
1293
1280
1270
1300
1287
1329
1310
1358
1335
1342
1422
1509
1346
1320
1310
1332
1285
1298
1274
1261
1260
1263
1270
1263
1264
1267
1268
1272
1288
1287
1298
1326
1317
1320
1358
1323
1342
1306
1380
1433
1390
1350
1760
1941
1433
1422
1832
1444
1988
1868
1848
1848
1905
2027
1582
2090
950
2027
1301
2124
1865
1649
1342
1342
1301
1283
1265
1256
1255
1253
1241
1252
1248
1242
1255
1263
1267
1261
1277
1267
1263
1264
1278