2044
1956
1946
1970
1936
1925
1931
1912
1864
1857
1833
1802
1762
1775
1788
1820
1813
1833
1880
1874
1894
1896
1899
1933
1918
1906
1927
1927
1946
1933
1931
1920
1907
1853
1914
1883
1888
1899
1850
1900
1847
1899
1875
1828
1905
1911
1877
1891
1925
1846
1875
1893
1898
1832
1861
1856
1880
1819
1787
1890
1829
1849
1843
1883
1898
1826
1861
1874
1864
1923
1935
1951
1916
1965
1937
1917
1964
1938
1942
1905
1948
1978
1938
1913
1908
1916
1895
1875
1853
1815
1823
1794
1769
1788
1793
1762
1798
1844
1836
1829
1743
1796
1794
1737
1719
1713
1716
1691
1682
1825
1768
1761
1825
1733
1791
1788
1806
1860
1890
1878
1879
1953
1908
1922
1979
1931
1900
1906
1860
1915
1855
1803
1860
1790
1850
1785
1820
1827
1796
1850
1797
1828
1853
1875
1829
1842
1823
1852
1840
1785
1843
1837
1789
1768
1777
1736
1758
1660
1686
1691
1698
1702
1739
1710
1677
1689
1749
1718
1735
1688
1752
1747
1734
1685
1745
1683
1683
1678
1648
1633
1621
1550
1550
1458
1350
1296
1296
1225
1325
1204
1229
1204
1200
1267
1242
1246
1238
1279
1329
1300
1329
1329
1329
1342
1413
1304
1325
1379
1417
1529
1546
1533
1579
1633
1579
1646
1674
1713
1739
1719
1745
1676
1708
1739
1731
1709
1706
1758
1737
1782
1735
1733
1769
1685
1743
1759
1748
1769
1774
1806
1760
1858
1810
1839
1835
1816
1871
1905
1919
1950
1917
1992
1893
1904
1824
1838
1792
1819
1786
1803
1775
1696
1656
1830
1773
1810
1822
1723
1757
1764
1688
1661
1691
1657
1608
1600
1596
1621
1663
1563
1571
1550
1517
1525
1521
1567
1533
1533
1542
1492
1504
1542
1408
1354
1350
1271
1275
1263
1275
1183
1283
1192
1208
1183
1229
1167
1300
1271
1392
1375
1475
1508
1600
1563
1529
1579
1596
1550
1579
1613
1508
1604
1521
1575
1554
1554
1554
1554
1554
1554
1554
1554
1554
1554
1554
1554
1554
1554
1554
1554
1554
1554
1554
1554
1554
1554
1554
1554
1554
1554
1554
1554
1554
1554
1554
1554
1554
1554
1554
1554
1554
1554
1554
1554
1554
1554
1554
1554
1554
1554
1554
1554
1554
1834
1807
1868
1831
1815
1754
1755
1741
1716
1652
1666
1683
1646
1633
1633
1621
1662
1633
1579
1617
1550
1637
1637
1633
1604
1608
1567
1575
1579
1669
1736
1751
1866
1879
2003
2032
2062
2124
2061
2043
2043
1916
1968
1900
1828
1986
2056
2055
2000
2037
1997
2028
2072
2075
1982
2022
1979
1938
2027
1994
2006
2025
1997
2035
2014
2100
2087
2063
1994
2000
2040
2030
2010
2047
2010
1995
1924
2002
2040
2084
2111
2045
2066
2064
2073
2072
2081
2099
2112
2051
2091
2056
2080
2048
2006
2014
2037
2074
2025
2018
2047
2038
2078
2017
1997
2028
1974
1985
1894
1971
1907
1913
2001
1951
1943
1919
1931
1871
1929
1918
1915
1795
1749
1633
1563
1604
1521
1613
1546
1637
1596
1583
1625
1653
1625
1592
1653
1617
1604
1583
1533
1442
1463
1442
1458
1363
1338
1375
1358
1354
1325
1346
1342
1308
1296
1254
1321
1267
1263
1242
1263
1233
1292
1304
1275
1321
1300
1296
1267
1296
1350
1325
1250
1400
1417
1454
1454
1446
1517
1550
1504
1492
1538
1525
1579
1588
1512
1538
1575
1542
1517
1542
1517
1525
1533
1567
1538
1533
1458
1479
1546
1512
1479
1525
1504
1458
1508
1492
1488
1483
1517
1525
1483
1558
1517
1542
1563
1554
1567
1600
1546
1604
1608
1608
1629
1686
1736
1697
1719
1736
1743
1703
1734
1721
1646
1709
1659
1675
1682
1679
1608
1671
1600
1554
1492
1512
1508
1533
1525
1483
1458
1371
1417
1342
1325
1317
1367
1258
1292
1263
1275
1254
1313
1354
1379
1383
1367
1446
1446
1496
1596
1571
1655
1658
1683
1656
1680
1661
1694
1734
1773
1701
1690
1715
1625
1621
1608
1629
1646
1697
1686
1621
1655
1680
1693
1702
1689
1740
1722
1604
1660
1596
1617
1604
1604
1633
1604
1588
1608
1647
1704
1686
1720
1758
1677
1766
1740
1738
1751
1762
1863
1875
1939
1954
1996
2090
2085
2092
2024
2050
2035
1982
1943
1939
1988
1896
1933
1885
1905
1869
1847
1826
1866
1901
1856
1847
1773
1784
1740
1724
1753
1646
1675
1672
1703
1629
1504
1525
1554
1471
1475
1483
1408
1463
1408
1475
1458
1512
1500
1521
1583
1637
1600
1633
1621
1665
1583
1588
1483
1542
1442
1333
1367
1317
1271
1242
1217
1263
1333
1279
1375
1433
1408
1350
1429
1475
1488
1458
1446
1458
1467
1483
1433
1433
1471
1508
1512
1508
1558
1575
1538
1575
1608
1558
1655
1613
1625
1596
1621
1707
1676
1659
1678
1739
1637
1686
1725
1676
1757
1709
1723
1738
1699
1750
1757
1708
1715
1705
1724
1726
1765
1733
1729
1788
1752
1727
1753
1722
1760
1803
1833
1818
1808
1831
1829
1857
1738
1712
1550
1567
1600
1588
1608
1621
1621
1642
1673
1660
1691
1732
1748
1705
1666
1716
1697
1629
1625
1608
1563
1533
1446
1454
1458
1446
1438
1450
1517
1508
1488
1446
1479
1413
1367
1387
1417
1387
1375
1400
1417
1433
1442
1425
1371
1546
1463
1458
1554
1475
1567
1533
1517
1575
1563
1625
1676
1642
1661
1649
1629
1688
1678
1682
1705
1671
1660
1600
1558
1613
1521
1558
1504
1404
1400
1354
1400
1417
1404
1379
1304
1296
1279
1229
1300
1300
1213
1250
1292
1196
1229
1146
1175
1113
1138
1129
1083
1063
1125
1158
1175
1142
1233
1200
1275
1338
1346
1325
1292
1329
1321
1308
1300
1283
1225
1229
1200
1150
1163
1158
1113
1154
1129
1183
1100
1079
1096
1121
1033
1013
1079
1083
1025
1075
1008
1021
967
967
1017
1004
1054
983
950
1004
954
996
971
1046
1129
1129
1192
1242
1317
1371
1375
1392
1475
1396
1425
1467
1375
1325
1304
1338
1263
1304
1325
1321
1258